group 0 indices:
[ 100  200  396  625  640  888  952 1168 1393 1532 1776 1896 1980 2141
 2425 2513 2828 2832 2876 2944 2952 3044 3244]
length :
23
group 1 indices:
[723]
length :
1
group 2 indices:
[  86  231  697 1267 1366 1557 2673 2915 3058]
length :
9
group 3 indices:
[ 104  164  244  248  304  404  668  820  824  828  836  852  972 1004
 1008 1040 1088 1092 1096 1100 1104 1152 1156 1164 1203 1228 1504 1508
 1512 1516 1520 1524 1660 1676 1680 1805 1836 1869 1920 1924 2060 2068
 2072 2076 2084 2300 2408 2412 2440 2468 2491 2520 2556 2572 2576 2580
 2584 2588 2596 2601 2620 2628 2664 2668 2848 2904 2908 2977 3020 3068
 3168 3180]
length :
72
group 4 indices:
[  17  120  326  445  461  661  771  784  788  795 1016 1117 1325 1400
 1601 1781 1856 1944 1951 2018 2322 2336 2340 2380 2524 2657 2704 2741
 2881 2990 3040 3217 3248]
length :
33
group 5 indices:
[ 116  132  168  180  284  308  440  452  494  512  632  652  864 1140
 1236 1349 1540 1729 1996 2008 2012 2040 2200 2733 2808 3000 3092 3148
 3212]
length :
29
group 6 indices:
[  61   96  136  173  193  293  365  471  504  656  868  944  948 1033
 1613 1739 1861 1973 2001 2257 2281 2508 2530 2552 2718 2812 2932 3152]
length :
28
group 7 indices:
[   4  674  832 1012 1108 1160 1193 1404 1528 1832 1906 2064 2080 2304
 2416 2504 2592 2610 2624 2636 2772 3036 3106 3173]
length :
24
group 8 indices:
[   8  184  408  588  600  605  764  884 1025 1068 1112 1125 1424 1492
 1549 1585 1621 1664 1721 1929 1984 2176 2240 2448 2544 2820 2897]
length :
27
group 9 indices:
[  24   80  157  216  560  741  893  904  940 1045 1216 1260 1280 1384
 1452 1480 1496 1536 1812 1852 1876 1936 2185 2248 2458 2681 2784 2852
 2857 2928 3012 3072 3116 3157]
length :
34
group 10 indices:
[  41   52  709  874  920 1376 1648 2033 2395 2688 2777 2892 3048 3096
 3132]
length :
15
group 11 indices:
[  68  350  584  616  748  812  983  997 1052 1293 1312 1317 1356 1608
 1652 1965 1989 2192 2207 2472 2548 2646 2801 2824 2965 3138]
length :
26
group 12 indices:
[2127]
length :
1
group 13 indices:
[ 188  220  256  268  288  341  372  412  456  684  716  844  857 1185
 1232 1256 1332 1461 1566 1672 1788 1900 2088 2096 2224 2312 2353 2984
 3025 3125 3164 3197 3237]
length :
33
group 14 indices:
[ 204  376  548  612  620  900  930  976 1020 1074 1301 1470 1632 1842
 2100 2169 2180 2196 2252 2290 2308 2332 2344 2436 2793 2838 2937 2948
 3005 3088 3205]
length :
31
group 15 indices:
[   0   12   56  224  252  277  317  424  436  516  553  593  636  808
  848  924 1240 1344 1408 1456 1500 1593 1692 1916 1940 2028 2047 2105
 2161 2269 2276 2764]
length :
32
group 16 indices:
[574]
length :
1
group 17 indices:
[ 388  400  484  521  532  541 1060 1064 1084 1173 1180 1244 1284 1380
 1685 1704 1752 1800 2228 2360 2372 2568 2756 2956 3032 3188]
length :
26
group 18 indices:
[ 143  958 1439]
length :
3
group 19 indices:
[  29   72  124  300  392  568  648  736  757 1145 1308 1360 1413 1429
 1544 1637 1708 1713 1761 1769 1796 2149 2316 2376 2420 2432 2452 2478
 2540 2700 2709 2728 2748 2972 3052 3081 3225]
length :
37
group 20 indices:
[ 312  508  528  564  644  752  816  968 1056 1136 1221 1288 1388 1484
 1577 1656 1819 1881 1889 2114 2233 2384 2561 2640 2788 2816 2869 3016
 3120 3192]
length :
30
group 21 indices:
[  36   48   76  109  128  209  261  272  336  360  381  417  429  488
  536  689  704  840  910 1132 1249 1337 1420 1488 1628 1644 1668 1697
 1756 1792 2092 2156 2220 2244 2264 2348 2365 2388 2444 2632 2693 2752
 2760 2768 2864 2888 2960 3076 3100 3184 3232]
length :
51
results:
100 200 396 625 640 888 952 1168 1393 1532 1776 1896 1980 2141 2425 2513 2828 2832 2876 2944 2952 3044 3244 723 86 231 697 1267 1366 1557 2673 2915 3058 104 164 244 248 304 404 668 820 824 828 836 852 972 1004 1008 1040 1088 1092 1096 1100 1104 1152 1156 1164 1203 1228 1504 1508 1512 1516 1520 1524 1660 1676 1680 1805 1836 1869 1920 1924 2060 2068 2072 2076 2084 2300 2408 2412 2440 2468 2491 2520 2556 2572 2576 2580 2584 2588 2596 2601 2620 2628 2664 2668 2848 2904 2908 2977 3020 3068 3168 3180 17 120 326 445 461 661 771 784 788 795 1016 1117 1325 1400 1601 1781 1856 1944 1951 2018 2322 2336 2340 2380 2524 2657 2704 2741 2881 2990 3040 3217 3248 116 132 168 180 284 308 440 452 494 512 632 652 864 1140 1236 1349 1540 1729 1996 2008 2012 2040 2200 2733 2808 3000 3092 3148 3212 61 96 136 173 193 293 365 471 504 656 868 944 948 1033 1613 1739 1861 1973 2001 2257 2281 2508 2530 2552 2718 2812 2932 3152 4 674 832 1012 1108 1160 1193 1404 1528 1832 1906 2064 2080 2304 2416 2504 2592 2610 2624 2636 2772 3036 3106 3173 8 184 408 588 600 605 764 884 1025 1068 1112 1125 1424 1492 1549 1585 1621 1664 1721 1929 1984 2176 2240 2448 2544 2820 2897 24 80 157 216 560 741 893 904 940 1045 1216 1260 1280 1384 1452 1480 1496 1536 1812 1852 1876 1936 2185 2248 2458 2681 2784 2852 2857 2928 3012 3072 3116 3157 41 52 709 874 920 1376 1648 2033 2395 2688 2777 2892 3048 3096 3132 68 350 584 616 748 812 983 997 1052 1293 1312 1317 1356 1608 1652 1965 1989 2192 2207 2472 2548 2646 2801 2824 2965 3138 2127 188 220 256 268 288 341 372 412 456 684 716 844 857 1185 1232 1256 1332 1461 1566 1672 1788 1900 2088 2096 2224 2312 2353 2984 3025 3125 3164 3197 3237 204 376 548 612 620 900 930 976 1020 1074 1301 1470 1632 1842 2100 2169 2180 2196 2252 2290 2308 2332 2344 2436 2793 2838 2937 2948 3005 3088 3205 0 12 56 224 252 277 317 424 436 516 553 593 636 808 848 924 1240 1344 1408 1456 1500 1593 1692 1916 1940 2028 2047 2105 2161 2269 2276 2764 574 388 400 484 521 532 541 1060 1064 1084 1173 1180 1244 1284 1380 1685 1704 1752 1800 2228 2360 2372 2568 2756 2956 3032 3188 143 958 1439 29 72 124 300 392 568 648 736 757 1145 1308 1360 1413 1429 1544 1637 1708 1713 1761 1769 1796 2149 2316 2376 2420 2432 2452 2478 2540 2700 2709 2728 2748 2972 3052 3081 3225 312 508 528 564 644 752 816 968 1056 1136 1221 1288 1388 1484 1577 1656 1819 1881 1889 2114 2233 2384 2561 2640 2788 2816 2869 3016 3120 3192 36 48 76 109 128 209 261 272 336 360 381 417 429 488 536 689 704 840 910 1132 1249 1337 1420 1488 1628 1644 1668 1697 1756 1792 2092 2156 2220 2244 2264 2348 2365 2388 2444 2632 2693 2752 2760 2768 2864 2888 2960 3076 3100 3184 3232
